Grid1
8
0	0.0650316	0.07482685	-0.02866019	-0.4308499	0.5663804	0.4581988	0.5325744
0	0.05940494	0.1082801	0.001867931	-0.4145009	0.529129	0.3312028	0.6622056
0	0.04815357	0.1054964	0.04162112	-0.4044007	0.5361931	0.3258717	0.6654057
0	0.05220633	0.08001727	0.06692306	-0.4761884	0.4849262	0.3619058	0.638056
0	0.05491662	0.04228341	0.08133952	-0.4707229	0.4654092	0.3241687	0.6758173
0	0.06689151	0.06684052	-0.02494162	-0.4312307	0.5673336	0.5221304	0.4685644
0	0.07241766	0.07198483	0.004007264	0.5704851	-0.4206346	-0.5608409	-0.4278678
0	0.07130851	0.05316679	0.03610512	-0.4032556	0.5457993	0.3373387	0.6524498
0	-0.02441117	0.1339376	0.02570949	0.04652952	0.9715431	-0.002839438	-0.2322305
Grid1
5
0	0.05864432	0.07539915	-0.04108886	-0.4116814	0.5760943	0.571137	0.4152547
0	0.06941032	0.08847003	-0.007348942	-0.4458307	0.5522424	0.4661364	0.5281858
0	0.07136225	0.08378092	0.02125078	-0.4458307	0.5522424	0.4661364	0.5281858
0	0.06414293	0.06957994	0.05456377	-0.4577407	0.5239619	0.4036921	0.594113
0	0.07833715	0.04271474	0.001179536	-0.4577407	0.5239619	0.4036921	0.594113
0	0.00119272	0.1332738	0.03418572	-0.02604119	0.9615136	-0.07927097	-0.2617815
Grid1
5
0	0.06863074	0.07443181	-0.01697102	-0.3019512	0.6972451	0.4392349	0.4793198
0	0.07117268	0.07969519	0.01241087	-0.3019512	0.6972451	0.4392349	0.4793198
0	0.06367689	0.07394014	0.04706668	-0.3753994	0.5734469	0.3322271	0.6479654
0	0.0515825	0.07106631	0.07258971	-0.3896891	0.5430346	0.3137904	0.6743823
0	0.05262848	0.1113456	0.01945174	-0.3896891	0.5430346	0.3137904	0.6743823
0	-0.05518588	0.1127157	0.04780139	0.210564	0.9240336	0.07358146	-0.3105005
